14 2
5 0 
5 0 
5 0 
6 6 
6 6 
6 6 
6 0 
5 0 
5 0 
5 0 
4 4 
4 4 
4 4 
4 0 

14 2
5 0 
5 0 
5 0 
4 4 
4 4 
4 4 
4 0 
5 0 
5 0 
5 0 
6 6 
6 6 
6 6 
6 0 

14 2
5 0 
5 0 
5 0 
4 4 
4 4 
4 4 
4 0 
5 0 
5 0 
5 0 
6 6 
6 6 
6 6 
6 0 

14 2
5 0 
5 0 
5 0 
4 4 
4 4 
4 4 
4 0 
5 0 
5 0 
5 0 
6 6 
6 6 
6 6 
6 0 

14 2
5 0 
5 0 
5 0 
4 4 
4 4 
4 4 
4 0 
5 0 
5 0 
5 0 
6 6 
6 6 
6 6 
6 0 

14 2
5 0 
5 0 
5 0 
6 6 
6 6 
6 6 
6 0 
5 0 
5 0 
5 0 
4 4 
4 4 
4 4 
4 0 

14 2
5 0 
5 0 
5 0 
4 4 
4 4 
4 4 
4 0 
5 0 
5 0 
5 0 
6 6 
6 6 
6 6 
6 0 

14 2
5 0 
5 0 
5 0 
6 6 
6 6 
6 6 
6 0 
5 0 
5 0 
5 0 
4 4 
4 4 
4 4 
4 0 

