32 2
5 0 
6 6 
6 0 
6 0 
5 0 
6 6 
6 0 
2 0 
5 0 
2 2 
2 0 
2 0 
5 0 
2 2 
2 0 
2 0 
5 0 
4 4 
4 0 
4 0 
5 0 
4 4 
4 0 
8 0 
5 0 
8 8 
8 0 
8 0 
5 0 
8 8 
8 0 
8 0 

32 2
5 0 
6 6 
6 0 
2 0 
5 0 
2 2 
2 0 
2 0 
5 0 
2 2 
2 0 
2 0 
5 0 
4 4 
4 0 
4 0 
5 0 
4 4 
4 0 
8 0 
5 0 
8 8 
8 0 
8 0 
5 0 
8 8 
8 0 
8 0 
5 0 
6 6 
6 0 
6 0 

32 2
5 0 
2 2 
2 0 
2 0 
5 0 
2 2 
2 0 
2 0 
5 0 
4 4 
4 0 
4 0 
5 0 
4 4 
4 0 
8 0 
5 0 
8 8 
8 0 
8 0 
5 0 
8 8 
8 0 
8 0 
5 0 
6 6 
6 0 
6 0 
5 0 
6 6 
6 0 
2 0 

32 2
5 0 
8 8 
8 0 
8 0 
5 0 
6 6 
6 0 
6 0 
5 0 
6 6 
6 0 
2 0 
5 0 
2 2 
2 0 
2 0 
5 0 
2 2 
2 0 
2 0 
5 0 
4 4 
4 0 
4 0 
5 0 
4 4 
4 0 
8 0 
5 0 
8 8 
8 0 
8 0 

32 2
5 0 
2 2 
2 0 
2 0 
5 0 
4 4 
4 0 
4 0 
5 0 
4 4 
4 0 
8 0 
5 0 
8 8 
8 0 
8 0 
5 0 
8 8 
8 0 
8 0 
5 0 
6 6 
6 0 
6 0 
5 0 
6 6 
6 0 
2 0 
5 0 
2 2 
2 0 
2 0 

32 2
5 0 
8 8 
8 0 
8 0 
5 0 
8 8 
8 0 
8 0 
5 0 
6 6 
6 0 
6 0 
5 0 
6 6 
6 0 
2 0 
5 0 
2 2 
2 0 
2 0 
5 0 
2 2 
2 0 
2 0 
5 0 
4 4 
4 0 
4 0 
5 0 
4 4 
4 0 
8 0 

32 2
5 0 
4 4 
4 0 
8 0 
5 0 
8 8 
8 0 
8 0 
5 0 
8 8 
8 0 
8 0 
5 0 
6 6 
6 0 
6 0 
5 0 
6 6 
6 0 
2 0 
5 0 
2 2 
2 0 
2 0 
5 0 
2 2 
2 0 
2 0 
5 0 
4 4 
4 0 
4 0 

32 2
5 0 
4 4 
4 0 
4 0 
5 0 
4 4 
4 0 
8 0 
5 0 
8 8 
8 0 
8 0 
5 0 
8 8 
8 0 
8 0 
5 0 
6 6 
6 0 
6 0 
5 0 
6 6 
6 0 
2 0 
5 0 
2 2 
2 0 
2 0 
5 0 
2 2 
2 0 
2 0 

