17 2
5 0 
6 6 
6 0 
6 0 
6 0 
6 0 
5 0 
5 0 
5 0 
4 4 
4 0 
4 0 
4 0 
4 0 
5 0 
5 0 
5 0 

17 2
5 0 
6 6 
6 0 
6 0 
6 0 
6 0 
5 0 
5 0 
5 0 
4 4 
4 0 
4 0 
4 0 
4 0 
5 0 
5 0 
5 0 

34 2
5 0 
6 6 
2 0 
2 0 
6 0 
6 0 
6 0 
6 0 
5 0 
4 4 
4 0 
4 0 
2 0 
2 0 
4 0 
4 0 
4 0 
5 0 
4 4 
8 0 
8 0 
4 0 
4 0 
4 0 
4 0 
5 0 
6 6 
6 0 
6 0 
8 0 
8 0 
6 0 
6 0 
6 0 

1 1
5 

34 2
5 0 
4 4 
8 0 
8 0 
4 0 
4 0 
4 0 
4 0 
5 0 
6 6 
6 0 
6 0 
8 0 
8 0 
6 0 
6 0 
6 0 
5 0 
6 6 
2 0 
2 0 
6 0 
6 0 
6 0 
6 0 
5 0 
4 4 
4 0 
4 0 
2 0 
2 0 
4 0 
4 0 
4 0 

17 2
5 0 
4 4 
4 0 
4 0 
4 0 
4 0 
5 0 
5 0 
5 0  
6 6 
6 0 
6 0 
6 0 
6 0 
5 0 
5 0 
5 0 

17 2
5 0 
4 4 
4 0 
4 0 
4 0 
4 0 
5 0 
5 0 
5 0 
6 6 
6 0 
6 0 
6 0 
6 0 
5 0 
5 0 
5 0 
