19 17
50 55 60
0 0 0
0 0 0
0
3
0.1  0.1  0.1  0.1  0.1  0.1  0.1  0.1  0.1  0.1  0.1  0.1  0.1  0.1  0.1  0.1  0.1  0.1  0.1  
0.1  2.0  2.0  2.0  2.0  2.0  2.0  2.0  2.0  2.0  2.0  2.0  2.0  2.0  2.0  2.0  2.0  2.0  0.1  
0.1  2.0  2.0  2.0  2.0  2.0  2.0  2.0  2.0  2.0  2.0  2.0  2.0  0.1  0.1  0.1  0.1  2.0  0.1  
0.1  2.0  2.0  2.0  2.0  2.0  2.0  2.0  2.0  2.0  2.0  2.0  2.0  0.1  0.0  0.0  0.1  2.0  0.1  
0.1  2.0  2.0  2.0  2.0  2.0  2.0  2.0  2.0  2.0  2.0  2.0  2.0  0.1  0.0  0.0  0.1  2.0  0.1  
0.1  2.0  2.0  2.0  2.0  2.0  2.4  2.4  2.4  2.4  2.4  2.4  2.4  0.1  0.0  0.0  0.1  2.0  0.1  
0.1  2.0  2.0  2.0  2.0  2.0  2.4  2.0  2.0  2.0  2.0  2.0  2.0  0.1  0.1  0.1  0.1  2.0  0.1  
0.1  2.0  2.0  2.0  2.0  2.0  2.4  2.0  2.0  2.0  2.0  2.0  2.0  2.0  2.0  2.0  2.0  2.0  0.1  
0.1  2.0  2.0  2.0  2.0  2.0  2.4  2.0  2.0  2.0  2.0  2.0  2.0  2.0  2.0  2.0  2.0  2.0  0.1  
0.1  2.0  2.0  2.0  2.0  2.0  2.4  2.0  2.0  2.0  2.0  2.0  2.0  2.0  2.0  2.0  2.0  2.0  0.1  
0.1  9.0  9.0  9.0  9.0  9.0  5.4  2.0  2.0  2.0  2.0  2.0  2.0  2.0  3.0  3.0  2.0  2.0  0.1  
0.1  0.1  0.1  0.1  0.1  0.1  0.1  0.1  0.1  2.0  2.0  3.0  2.0  2.0  3.0  3.0  2.0  2.0  0.1  
0.0  0.0  0.0  0.0  0.0  0.0  0.0  0.0  0.1  2.0  2.0  2.0  2.0  2.0  2.0  2.0  2.0  2.0  0.1  
0.0  0.0  0.0  0.0  0.0  0.0  0.0  0.0  0.1  2.0  2.0  2.0  2.0  2.0  2.0  2.0  2.0  2.0  0.1  
0.0  0.0  0.0  0.0  0.0  0.0  0.0  0.0  0.1  2.0  2.0  2.0  2.0  6.0  2.0  2.0  2.0  2.0  0.1  
0.0  0.0  0.0  0.0  0.0  0.0  0.0  0.0  0.1  2.0  2.0  2.0  2.0  2.0  2.0  2.0  2.0  2.0  0.1  
0.0  0.0  0.0  0.0  0.0  0.0  0.0  0.0  0.1  0.1  0.1  0.1  0.1  0.1  0.1  0.1  0.1  0.1  0.1  
