18 15
448 248
50 60 66
0 0 0
0 0 0
0
3
0.1  0.1  0.1  0.1  0.1  0.1  0.1  0.1  0.1  0.1  0.1  0.1  0.1  0.1  0.0  0.0  0.0  0.0  
0.1  2.0  2.0  2.0  2.0  0.1  0.1  2.0  2.0  2.0  2.0  2.0  2.0  0.1  0.0  0.0  0.0  0.0  
0.1  2.0  2.0  2.0  2.0  2.0  2.4  2.0  2.0  2.0  2.0  2.0  2.0  0.1  0.0  0.0  0.0  0.0  
0.1  2.0  2.0  2.0  2.0  2.0  2.4  2.0  2.0  2.0  2.0  2.0  2.0  0.1  0.0  0.0  0.0  0.0  
0.1  2.0  2.0  2.0  2.0  2.0  2.4  2.0  2.0  2.0  2.0  2.0  2.0  0.1  0.1  0.1  0.1  0.3  
0.1  2.0  2.0  2.0  2.0  2.0  2.4  2.0  4.0  2.0  2.0  2.0  2.0  0.2  2.4  2.4  2.4  0.3  
0.1  2.0  4.0  2.0  2.0  2.0  2.4  2.0  2.0  2.0  2.0  2.0  2.0  2.0  2.4  2.4  2.4  0.3  
0.1  2.0  2.0  2.0  2.0  2.0  2.4  2.4  2.4  2.0  2.0  2.0  2.0  2.0  2.4  2.4  2.4  0.3  
0.1  2.0  2.0  2.0  2.0  2.0  2.0  2.0  2.4  2.0  2.0  4.0  2.0  2.0  2.4  2.4  2.4  0.3  
0.1  2.0  2.0  2.0  2.0  2.0  2.0  2.0  2.4  2.0  2.0  2.0  2.0  2.0  2.4  2.4  2.4  0.3  
0.1  2.0  2.0  2.0  2.0  2.0  3.0  2.0  2.4  2.0  2.0  2.0  2.0  2.0  2.4  2.4  2.4  0.3  
0.1  0.1  0.1  0.1  0.1  0.1  0.1  0.1  5.4  3.0  0.1  2.0  2.0  2.0  2.4  2.4  2.4  0.3  
0.0  0.0  0.0  0.0  0.0  0.0  0.0  0.1  0.1  0.1  0.1  0.1  2.0  2.0  2.4  2.4  2.4  0.3  
0.0  0.0  0.0  0.0  0.0  0.0  0.0  0.0  0.0  0.0  0.0  0.1  2.0  2.0  2.4  2.4  2.4  0.3  
0.0  0.0  0.0  0.0  0.0  0.0  0.0  0.0  0.0  0.0  0.0  0.1  0.1  0.1  0.2  0.2  0.2  0.1  
