16 13
448 352
60 65 72
0 0 0
0 0 0
0
1
0.1  0.1  0.1  0.1  0.1  0.3  0.3  0.3  0.3  0.3  0.3  0.3  0.3  0.3  0.3  0.0  
0.1  2.0  2.0  2.0  2.0  2.0  2.0  2.0  2.0  2.0  2.0  2.0  2.0  2.0  0.1  0.0  
0.1  2.0  2.0  2.0  2.0  2.0  2.0  10.0 0.6  0.6  2.0  2.0  2.0  2.0  0.1  0.0  
0.1  2.0  2.0  2.0  2.0  2.0  2.0  0.6  0.6  0.6  2.0  2.0  2.0  2.0  0.1  0.0  
0.1  2.0  2.0  2.0  2.0  2.0  2.0  0.6  0.6  0.6  2.0  2.0  2.0  2.0  0.1  0.1  
0.1  0.1  0.1  2.0  2.0  2.0  2.0  2.0  2.0  2.0  2.0  2.0  2.0  2.0  3.0  0.1  
0.0  0.0  0.1  2.4  2.4  2.4  2.4  2.4  2.4  2.4  2.4  2.4  2.4  2.4  5.4  0.1  
0.1  0.1  0.1  2.0  2.0  2.0  2.0  2.0  2.0  2.0  2.0  2.0  2.0  2.0  3.0  0.1  
0.1  2.0  2.0  2.0  2.0  2.0  2.0  10.0 0.6  0.6  2.0  2.0  2.0  2.0  0.1  0.1  
0.1  2.0  2.0  2.0  2.0  2.0  2.0  0.6  0.6  0.6  2.0  2.0  2.0  2.0  0.1  0.0  
0.1  2.0  2.0  2.0  2.0  2.0  2.0  0.6  0.6  0.6  2.0  2.0  2.0  2.0  0.1  0.0  
0.1  2.0  2.0  2.0  2.0  2.0  2.0  2.0  2.0  2.0  2.0  2.0  2.0  2.0  0.1  0.0  
0.1  0.1  0.1  0.1  0.1  0.1  0.1  0.1  0.1  0.1  0.1  0.1  0.1  0.1  0.1  0.0  
