23 14
40 50 59
40 45 50
0 0 0
0
1
0.1  0.1  0.1  0.1  0.1  0.1  0.1  0.1  0.1  0.1  0.1  0.1  0.1  0.1  0.1  0.1  0.1  0.1  0.1  0.1  0.1  0.1  0.1  
0.1  2.0  2.0  2.0  2.0  2.0  2.0  2.0  2.0  2.0  2.0  2.0  2.0  2.0  2.0  2.0  2.0  2.0  2.0  2.0  2.0  2.0  0.1  
0.1  2.0  9.0  9.0  9.0  9.0  9.0  2.0  9.0  9.0  2.0  3.0  3.0  3.0  3.0  3.0  3.0  2.0  9.0  2.0  9.0  2.0  0.1  
0.1  2.0  2.0  2.0  2.0  2.0  9.0  2.0  9.0  2.0  2.0  2.0  2.0  2.0  2.0  2.0  2.0  2.0  9.0  2.0  9.0  2.0  0.1  
0.1  0.1  0.1  0.1  0.1  2.0  9.0  2.0  9.0  2.0  9.0  9.0  9.0  9.0  9.0  9.0  9.0  2.0  9.0  2.0  9.0  2.0  0.1  
0.0  0.0  0.0  0.0  0.1  2.0  2.0  2.0  2.0  2.0  2.0  2.0  2.0  2.0  2.0  2.0  2.0  2.2  2.0  2.0  2.0  2.0  0.1  
0.0  0.0  0.0  0.0  0.1  2.0  2.0  2.0  2.2  2.0  2.0  2.0  2.0  2.0  2.0  2.0  2.0  2.0  2.0  2.0  2.0  2.0  0.1  
0.0  0.0  0.0  0.0  0.1  2.0  2.0  2.0  2.0  2.0  2.0  2.0  2.2  2.0  2.0  2.0  2.0  2.0  2.0  2.0  2.0  5.4  0.1  
0.0  0.0  0.0  0.0  0.1  2.0  2.0  2.0  2.0  2.0  2.0  2.0  2.0  2.0  2.0  2.0  2.0  2.0  2.0  2.0  2.0  2.0  0.1  
0.1  0.1  0.1  0.1  0.1  2.0  9.0  2.0  9.0  2.0  9.0  9.0  9.0  9.0  9.0  9.0  9.0  2.0  9.0  2.0  9.0  2.0  0.1  
0.1  2.0  2.0  2.0  2.0  2.0  9.0  2.0  9.0  2.0  2.0  2.0  2.0  2.0  2.0  2.0  2.0  2.0  9.0  2.0  9.0  2.0  0.1  
0.1  2.0  9.0  9.0  9.0  9.0  9.0  2.0  9.0  9.0  2.0  3.0  3.0  3.0  3.0  3.0  3.0  2.0  9.0  2.0  9.0  2.0  0.1  
0.1  2.0  2.0  2.0  2.0  2.0  2.0  2.0  2.0  2.0  2.0  2.0  2.0  8.0  2.0  2.0  2.0  2.0  2.0  2.0  2.0  2.0  0.1  
0.1  0.1  0.1  0.1  0.1  0.1  0.1  0.1  0.1  0.1  0.1  0.1  0.1  0.1  0.1  0.1  0.1  0.1  0.1  0.1  0.1  0.1  0.1  
