18 15
448 248
50 55 60
0 0 0
0 0 0
0
1
0.3  0.1  0.1  0.1  0.1  0.1  0.1  0.1  0.1  0.1  0.1  0.1  0.1  0.1  0.1  0.1  0.1  0.1  
0.3  2.0  2.0  2.0  2.0  2.0  2.0  2.0  2.0  2.0  2.0  2.0  2.0  2.0  2.0  2.0  2.0  0.1  
0.3  2.0  2.0  2.0  2.0  2.0  2.0  2.0  2.0  2.0  2.0  2.0  2.0  2.0  2.0  2.0  2.0  0.1  
0.1  0.1  0.1  0.1  0.1  0.1  2.0  3.0  2.0  2.0  2.0  2.0  2.0  2.0  2.0  2.0  2.0  0.1  
0.0  0.0  0.0  0.0  0.0  0.1  2.0  2.0  2.0  2.0  2.0  2.0  2.0  2.0  2.0  2.0  2.0  0.1  
0.0  0.0  0.0  0.0  0.0  0.1  2.0  2.0  2.0  3.0  2.0  2.0  2.0  2.0  2.0  2.0  0.1  0.1  
0.0  0.0  0.0  0.0  0.0  0.1  2.0  2.0  2.0  2.0  2.0  3.0  2.0  3.0  2.0  2.0  0.1  0.0  
0.0  0.0  0.0  0.0  0.0  0.1  2.4  2.4  2.4  2.4  2.4  2.4  2.4  2.4  2.4  5.4  0.1  0.0  
0.0  0.0  0.0  0.0  0.0  0.1  2.0  2.0  2.0  2.0  2.0  3.0  2.0  3.0  2.0  2.0  0.1  0.0  
0.0  0.0  0.0  0.0  0.0  0.1  2.0  2.0  2.0  3.0  2.0  2.0  2.0  2.0  2.0  2.0  0.1  0.1  
0.0  0.0  0.0  0.0  0.0  0.1  2.0  2.0  2.0  2.0  2.0  2.0  2.0  2.0  2.0  2.0  2.0  0.1  
0.1  0.1  0.1  0.1  0.1  0.1  2.0  3.0  2.0  2.0  2.0  2.0  2.0  2.0  2.0  2.0  2.0  0.1  
0.1  2.0  2.0  2.0  2.0  2.0  2.0  2.0  2.0  2.0  2.0  2.0  2.0  2.0  2.0  2.0  2.0  0.1  
0.1  2.0  2.0  2.0  2.0  2.0  2.0  2.0  2.0  2.0  2.0  2.0  2.0  2.0  2.0  2.0  2.0  0.1  
0.1  0.1  0.1  0.1  0.1  0.1  0.1  0.1  0.1  0.1  0.1  0.1  0.1  0.1  0.1  0.1  0.1  0.1  
