18 13
320 300
45 55 67
50 60 77
0 0 0
0
1
0.1  0.1  0.1  0.1  0.1  0.1  0.1  0.1  0.1  0.1  0.1  0.1  0.1  0.1  0.1  0.1  0.1  0.1  
0.1  2.0  2.0  2.0  2.0  2.0  2.0  2.0  2.0  2.0  2.0  2.0  2.0  2.0  3.0  2.0  2.0  0.1  
0.1  0.1  2.0  2.0  9.0  2.0  2.0  2.0  2.0  2.0  2.0  2.0  2.0  2.0  2.0  2.0  2.0  0.1  
0.0  0.1  0.1  2.0  2.0  9.0  2.0  2.0  2.0  2.0  2.0  2.0  2.0  2.0  2.0  2.0  2.0  0.1  
0.0  0.0  0.1  0.1  2.0  2.0  9.0  2.0  2.0  2.0  2.0  2.0  2.0  2.0  2.0  2.0  2.0  0.1  
0.0  0.0  0.0  0.1  0.1  2.0  2.0  9.0  2.0  2.0  2.0  2.0  2.0  2.0  2.0  2.0  0.1  0.1  
0.0  0.0  0.0  0.0  0.1  2.0  2.0  2.0  9.0  2.0  2.0  2.0  2.0  2.0  2.0  5.4  0.1  0.0  
0.0  0.0  0.0  0.1  0.1  2.0  2.0  9.0  2.0  2.0  2.0  2.0  2.0  2.0  2.0  2.0  0.1  0.1  
0.0  0.0  0.1  0.1  2.0  2.0  9.0  2.0  2.0  2.0  2.0  2.0  2.0  2.0  2.0  2.0  2.0  0.1  
0.0  0.1  0.1  2.0  2.0  9.0  2.0  2.0  2.0  2.0  2.0  2.0  2.0  2.0  2.0  2.0  2.0  0.1  
0.1  0.1  2.0  2.0  9.0  2.0  2.0  2.0  2.0  2.0  2.0  2.0  2.0  2.0  2.0  2.0  2.0  0.1  
0.1  2.0  2.0  2.0  2.0  2.0  2.0  2.0  2.0  2.0  2.0  2.0  2.0  2.0  3.0  2.0  2.0  0.1  
0.1  0.1  0.1  0.1  0.1  0.1  0.1  0.1  0.1  0.1  0.1  0.1  0.1  0.1  0.1  0.1  0.1  0.1  
