24 14
100 216
35 45 53
0 0 0
100 100 100
0
4
0.2  0.2  0.2  0.2  0.2  0.2  0.2  0.2  0.2  0.2  0.1  0.1  0.1  0.1  0.2  0.2  0.2  0.2  0.2  0.2  0.2  0.2  0.2  0.2  
0.2  2.0  2.0  2.0  2.0  2.2  2.0  2.0  2.0  2.2  2.4  2.4  2.4  2.4  2.0  2.0  2.0  2.0  2.0  2.0  2.2  2.0  2.0  0.2  
0.2  2.0  2.0  2.0  2.0  2.0  2.0  2.0  2.0  2.0  2.4  2.4  2.4  2.4  2.0  2.2  2.0  2.2  2.0  2.0  2.0  2.0  2.0  0.2  
0.2  2.0  2.0  9.0  9.0  9.0  9.0  2.0  2.0  9.0  2.4  2.4  2.4  2.4  9.0  2.0  2.0  9.0  9.0  9.0  9.0  2.0  2.0  0.2  
0.2  2.0  2.0  9.0  9.0  9.0  9.0  2.0  2.0  9.0  2.4  7.4  5.4  2.4  9.0  2.0  2.2  9.0  9.0  9.0  9.0  2.0  2.2  0.2  
0.2  2.0  2.0  2.0  2.2  2.0  2.0  2.2  2.0  2.0  2.4  2.4  2.4  2.4  2.0  2.0  2.2  2.0  2.0  2.0  2.0  2.0  2.0  0.2  
0.1  2.4  2.4  2.4  2.4  2.4  2.4  2.4  2.4  2.4  2.4  2.4  2.4  2.4  2.4  2.4  2.4  2.4  2.4  2.4  2.4  2.4  2.4  0.1  
0.1  2.4  2.4  2.4  2.4  2.4  2.4  2.4  2.4  2.4  2.4  2.4  2.4  2.4  2.4  2.4  2.4  2.4  2.4  2.4  2.4  2.4  2.4  0.1  
0.2  2.0  2.0  2.2  2.0  2.0  2.0  2.2  2.0  2.0  2.0  2.0  2.2  2.0  2.0  2.0  2.0  2.2  2.0  2.0  2.2  2.0  2.0  0.2  
0.2  2.0  2.0  9.0  9.0  9.0  9.0  2.2  2.0  9.0  2.2  2.0  2.2  2.0  9.0  2.0  2.0  9.0  9.0  9.0  9.0  2.0  2.0  0.2  
0.2  2.0  2.2  9.0  9.0  9.0  9.0  2.0  2.2  9.0  2.2  2.0  2.2  2.0  9.0  2.2  2.2  9.0  9.0  9.0  9.0  2.0  2.0  0.2  
0.2  2.0  2.0  2.0  2.0  2.0  2.0  2.0  2.0  2.0  2.0  2.0  2.2  2.0  2.0  2.0  2.0  2.0  2.0  2.0  2.0  2.0  2.0  0.2  
0.2  2.0  2.0  2.0  2.0  2.0  2.0  2.2  2.0  2.0  2.0  2.0  2.0  2.0  2.2  2.0  2.0  2.0  2.0  2.0  2.0  2.0  2.0  0.2  
0.2  0.2  0.2  0.2  0.2  0.2  0.2  0.2  0.2  0.2  0.2  0.2  0.2  0.2  0.2  0.2  0.2  0.2  0.2  0.2  0.2  0.2  0.2  0.2  
