15 12
448 404
60 70 76
0 0 0
0 0 0
0
1
0.1  0.1  0.1  0.1  0.1  0.1  0.1  0.1  0.1  0.1  0.1  0.0  0.0  0.0  0.0  
0.1  2.0  2.0  2.0  2.0  2.0  2.0  2.0  2.0  2.0  0.1  0.0  0.0  0.0  0.0  
0.1  2.0  2.0  2.0  2.0  2.0  2.0  2.0  2.0  2.0  0.1  0.0  0.0  0.0  0.0  
0.1  2.0  2.0  2.0  2.0  2.0  2.0  2.0  2.0  2.0  0.1  0.1  0.1  0.1  0.0  
0.1  2.0  2.0  2.0  3.0  2.0  2.0  2.0  2.0  2.0  2.0  2.0  2.0  0.1  0.1  
0.1  2.0  2.0  2.0  2.0  2.0  2.0  2.0  3.0  2.0  2.0  2.0  2.0  5.4  0.1  
0.1  2.0  2.0  2.0  2.0  2.0  2.0  2.0  2.0  2.0  2.0  2.0  2.0  0.1  0.1  
0.1  2.0  2.0  2.0  2.0  2.0  2.0  2.0  2.0  2.0  2.0  2.0  2.0  0.1  0.0  
0.1  2.0  2.0  2.0  2.0  2.0  2.0  2.0  2.0  2.0  2.0  2.0  2.0  0.1  0.0  
0.1  2.0  2.0  2.0  2.0  2.0  2.0  2.0  2.0  2.0  2.0  2.0  2.0  0.1  0.0  
0.1  2.0  2.0  2.0  2.0  2.0  2.0  2.0  2.0  2.0  2.0  2.0  2.0  0.1  0.0  
0.1  0.1  0.1  0.1  0.1  0.1  0.1  0.1  0.1  0.1  0.1  0.1  0.1  0.1  0.0  
