24 14
100 216
50 60 64
0 0 0
100 100 100
1
4
0.1  0.1  0.1  0.1  0.1  0.1  0.1  0.1  0.1  0.1  0.1  0.2  0.2  0.1  0.1  0.1  0.1  0.1  0.1  0.1  0.1  0.1  0.1  0.1  
0.1  9.0  2.0  2.0  2.0  2.0  2.0  2.2  2.0  2.0  2.0  7.4  5.4  2.0  2.0  2.0  2.0  2.0  2.0  2.0  2.0  2.0  9.0  0.1  
0.1  2.0  2.2  2.0  2.0  2.0  2.0  2.0  2.0  2.0  2.0  2.4  2.4  2.0  2.0  9.0  9.0  9.0  2.0  2.2  2.0  2.0  2.0  0.1  
0.1  2.0  2.0  2.4  2.4  2.4  2.4  2.4  2.4  2.4  2.4  2.4  2.4  2.0  2.0  9.0  9.0  9.0  2.2  2.0  2.0  2.0  2.0  0.1  
0.1  2.0  2.0  2.4  2.4  2.4  2.4  2.4  2.4  2.4  2.4  2.4  2.4  2.0  2.0  9.0  9.0  9.0  2.0  2.0  2.0  2.0  2.0  0.1  
0.1  2.2  2.0  2.4  2.4  2.0  2.0  2.0  2.0  2.0  2.0  2.0  2.0  2.2  2.0  2.0  2.0  2.0  2.0  2.0  2.0  2.0  2.2  0.1  
0.1  2.0  2.0  2.4  2.4  2.0  2.0  2.2  2.0  2.0  2.0  2.0  2.0  2.0  2.0  2.0  2.0  2.0  2.0  2.4  2.4  2.4  2.4  0.2  
0.1  2.0  2.0  2.4  2.4  2.0  2.0  2.0  2.0  2.0  2.0  2.2  2.0  2.0  2.0  2.0  2.0  2.0  2.0  2.4  2.4  2.4  2.4  0.2  
0.1  2.0  2.0  2.4  2.4  2.0  2.0  2.0  2.0  2.0  2.0  2.0  2.0  2.0  2.0  2.0  2.0  2.2  2.0  2.4  2.4  2.0  2.0  0.1  
0.1  2.0  2.0  2.4  2.4  2.4  2.4  2.4  2.4  2.4  2.4  2.4  2.4  2.4  2.4  2.4  2.4  2.4  2.4  2.4  2.4  2.0  2.0  0.1  
0.1  2.2  2.0  2.4  2.4  2.4  2.4  2.4  2.4  2.4  2.4  2.4  2.4  2.4  2.4  2.4  2.4  2.4  2.4  2.4  2.4  2.2  2.0  0.1  
0.1  2.0  2.0  2.0  2.0  2.0  2.0  2.0  2.0  2.0  2.0  2.0  2.0  2.0  2.0  2.0  2.0  2.0  2.0  2.0  2.0  2.0  2.0  0.1  
0.1  9.0  2.0  2.0  2.0  2.0  2.0  2.0  2.2  2.0  2.0  2.0  2.0  2.0  2.0  2.0  2.2  2.0  2.0  2.0  2.0  2.0  9.0  0.1  
0.1  0.1  0.1  0.1  0.1  0.1  0.1  0.1  0.1  0.1  0.1  0.1  0.1  0.1  0.1  0.1  0.1  0.1  0.1  0.1  0.1  0.1  0.1  0.1  
