16 14
448 248
70 80 84
0 0 0
0 0 0
0
1
0.1  0.1  0.1  0.1  0.1  0.1  0.1  0.1  0.1  0.1  0.1  0.1  0.1  0.1  0.1  0.1  
0.1  2.0  2.0  2.0  2.0  2.0  3.0  3.0  3.0  3.0  3.0  3.0  2.0  2.0  2.0  0.1  
0.1  2.0  3.0  2.0  2.0  2.0  2.0  2.0  2.0  2.0  2.0  2.0  2.0  2.0  2.0  0.1  
0.1  2.0  2.0  2.0  2.0  2.0  3.0  3.0  3.0  3.0  3.0  3.0  2.0  2.0  2.0  0.1  
0.1  0.1  0.1  0.1  2.0  2.0  2.0  2.0  2.0  2.0  2.0  2.0  2.0  2.0  2.0  0.1  
0.0  0.0  0.0  0.1  2.0  2.0  2.0  2.0  2.0  2.0  2.0  2.0  2.0  2.0  2.0  0.1  
0.0  0.0  0.0  0.1  2.4  2.4  2.4  2.4  2.4  2.4  2.4  2.4  2.4  2.4  5.4  0.1  
0.0  0.0  0.0  0.1  2.4  2.4  2.4  2.4  2.4  2.4  2.4  2.4  2.4  2.4  2.4  0.1  
0.0  0.0  0.0  0.1  2.0  2.0  2.0  2.0  2.0  2.0  2.0  2.0  2.0  2.0  2.0  0.1  
0.1  0.1  0.1  0.1  2.0  2.0  2.0  2.0  2.0  2.0  2.0  2.0  2.0  2.0  2.0  0.1  
0.1  2.0  2.0  2.0  2.0  2.0  3.0  3.0  3.0  3.0  3.0  3.0  2.0  2.0  2.0  0.1  
0.1  2.0  3.0  2.0  2.0  2.0  2.0  2.0  2.0  2.0  2.0  2.0  2.0  2.0  2.0  0.1  
0.1  2.0  2.0  2.0  2.0  2.0  3.0  3.0  3.0  3.0  3.0  3.0  2.0  2.0  2.0  0.1  
0.1  0.1  0.1  0.1  0.1  0.1  0.1  0.1  0.1  0.1  0.1  0.1  0.1  0.1  0.1  0.1  
