24 17
196 208
50 55 63
60 70 80
0 0 0
0
1
0.1  0.1  0.1  3.0  0.1  0.1  3.0  0.1  0.1  3.0  0.1  0.1  3.0  0.1  0.1  3.0  0.1  0.1  3.0  0.1  0.1  3.0  0.1  0.1  
0.1  2.4  2.4  3.0  2.4  2.4  3.0  2.4  2.4  3.0  2.4  2.4  3.0  2.4  2.4  3.0  2.4  2.4  3.0  6.4  2.4  3.0  2.4  0.1  
0.1  2.4  2.4  6.4  2.4  6.4  6.4  2.4  2.4  2.4  2.4  2.4  6.4  2.4  2.4  6.4  2.4  2.4  2.4  2.4  2.4  2.4  2.4  0.1  
0.1  6.4  2.4  2.4  2.4  2.4  2.4  2.4  2.4  6.4  2.4  2.4  2.4  2.4  6.4  2.4  2.4  2.4  2.4  2.4  2.4  2.4  2.4  0.1  
0.1  0.1  0.1  0.1  0.1  0.1  0.1  0.1  0.1  0.1  0.1  0.1  0.1  0.1  0.1  0.1  0.1  0.1  0.1  0.1  0.1  2.4  0.1  0.1  
0.1  2.0  2.0  2.0  2.0  2.0  2.0  2.0  2.0  2.0  2.0  2.0  2.0  2.0  2.0  2.0  2.0  2.0  2.0  2.0  2.0  2.0  0.1  0.0  
0.1  2.0  2.0  2.0  2.0  2.0  2.0  2.0  2.0  2.0  2.0  2.0  2.0  2.0  2.0  2.0  2.0  2.0  2.0  2.0  3.0  2.0  0.1  0.0  
0.1  2.0  2.0  2.0  2.0  2.0  2.0  2.0  2.0  2.0  2.0  2.0  2.0  2.0  2.0  2.0  2.0  2.0  2.0  2.0  2.0  2.0  0.1  0.0  
0.1  2.0  2.0  2.0  2.0  2.0  2.0  2.0  2.0  2.0  2.0  2.0  2.0  2.0  2.0  2.0  2.0  2.0  2.0  2.0  3.0  2.0  0.1  0.0  
0.1  2.0  2.0  2.0  2.0  2.0  2.0  2.0  2.0  2.0  2.0  2.0  2.0  2.0  2.0  2.0  2.0  2.0  2.0  2.0  2.0  2.0  0.1  0.0  
0.1  0.1  0.1  0.1  9.0  9.0  9.0  9.0  9.0  9.0  9.0  9.0  9.0  9.0  9.0  9.0  9.0  9.0  2.0  2.0  9.0  9.0  0.1  0.0  
0.0  0.0  0.0  0.1  2.0  2.0  2.0  2.0  2.0  2.0  2.0  2.0  2.0  2.0  2.0  2.0  2.0  2.0  2.0  2.0  2.0  2.0  0.1  0.1  
0.0  0.0  0.0  0.1  2.0  2.0  2.0  2.0  2.0  2.0  2.0  2.0  2.0  2.0  2.0  2.0  2.0  2.0  2.0  2.0  2.0  2.0  2.0  0.1  
0.0  0.0  0.0  0.1  2.0  2.0  2.0  2.0  2.0  2.0  2.0  2.0  2.0  2.0  2.0  2.0  2.0  2.0  2.0  2.0  2.0  2.0  5.4  0.1  
0.0  0.0  0.0  0.1  2.0  3.0  2.0  2.0  3.0  2.0  2.0  3.0  2.0  2.0  3.0  2.0  2.0  3.0  2.0  2.0  3.0  2.0  2.0  0.1  
0.0  0.0  0.0  0.1  2.0  2.0  2.0  2.0  2.0  2.0  2.0  2.0  2.0  2.0  2.0  2.0  2.0  2.0  2.0  2.0  2.0  2.0  0.1  0.1  
0.0  0.0  0.0  0.1  0.1  0.1  0.1  0.1  0.1  0.1  0.1  0.1  0.1  0.1  0.1  0.1  0.1  0.1  0.1  0.1  0.1  0.1  0.1  0.0  
