14 13
512 312
60 70 80
50 50 50
0 0 0
0
1
9.0  9.0  9.0  9.0  9.0  9.0  9.0  9.0  9.0  9.0  9.0  9.0  9.0  0.0  
9.0  2.0  2.0  2.0  2.0  2.0  2.0  2.0  2.0  2.0  2.0  2.0  9.0  0.0  
9.0  2.0  9.0  9.0  9.0  9.0  9.0  9.0  9.0  9.0  9.0  2.0  9.0  0.0  
9.0  2.0  9.0  2.0  2.0  2.0  2.0  2.0  2.0  2.0  9.0  2.0  9.0  0.0  
9.0  2.0  9.0  2.0  2.0  2.0  2.0  2.0  2.0  2.0  9.0  2.0  9.0  0.0  
9.0  2.0  9.0  2.0  2.0  10.0 0.6  0.6  2.0  2.0  9.0  2.0  9.0  0.1  
0.1  2.0  2.0  2.0  2.0  0.6  0.6  0.6  2.0  2.0  2.0  2.0  5.4  0.1  
9.0  2.0  9.0  2.0  2.0  0.6  0.6  0.6  2.0  2.0  9.0  2.0  9.0  0.1  
9.0  2.0  9.0  2.0  2.0  2.0  2.0  2.0  2.0  2.0  9.0  2.0  9.0  0.0  
9.0  2.0  9.0  2.0  2.0  2.0  2.0  2.0  2.0  2.0  9.0  2.0  9.0  0.0  
9.0  2.0  9.0  9.0  9.0  9.0  9.0  9.0  9.0  9.0  9.0  2.0  9.0  0.0  
9.0  2.0  2.0  2.0  2.0  2.0  2.0  2.0  2.0  2.0  2.0  2.0  9.0  0.0  
9.0  9.0  9.0  9.0  9.0  9.0  9.0  9.0  9.0  9.0  9.0  9.0  9.0  0.0  
