21 15
100 216
50 55 62
0 0 0
0 0 0
0
3
0.1  0.1  0.1  0.1  0.1  0.1  0.1  0.1  0.1  0.1  0.1  0.1  0.1  0.1  0.1  0.1  0.1  0.1  0.1  0.1  0.1  
0.1  2.0  2.0  2.0  2.0  2.0  2.0  2.0  2.0  0.1  0.1  0.1  2.0  2.0  2.0  2.0  2.0  2.0  2.0  2.0  0.1  
0.1  2.0  2.0  2.0  2.0  2.0  2.0  2.0  2.0  2.4  2.4  2.4  2.0  2.0  2.0  2.0  2.0  2.0  2.0  2.0  0.1  
0.1  2.0  2.0  2.0  2.0  2.0  3.0  2.0  2.0  2.4  2.4  2.4  2.0  2.0  3.0  2.0  2.0  2.0  2.0  2.0  0.1  
0.1  2.0  2.0  2.0  2.0  2.0  2.0  2.0  2.0  2.4  2.4  2.4  2.0  2.0  2.0  2.0  2.0  2.0  2.0  2.0  0.1  
0.1  2.0  2.0  2.0  2.0  2.0  2.0  2.0  2.0  2.4  2.4  2.4  2.0  2.0  2.0  2.0  2.0  2.0  2.0  2.0  0.1  
0.1  2.0  2.0  2.0  2.0  2.0  2.0  2.0  2.0  2.4  2.4  2.4  2.0  2.0  2.0  2.0  2.0  2.0  2.0  2.0  0.1  
0.1  0.1  0.1  0.1  2.0  2.0  2.0  2.0  2.0  2.4  2.4  2.4  2.0  2.0  2.0  2.0  2.0  0.1  0.1  0.1  0.1  
0.0  0.0  0.0  0.1  0.1  2.0  2.0  2.0  2.0  2.4  2.4  2.4  2.0  2.0  2.0  2.0  0.1  0.1  0.0  0.0  0.0  
0.0  0.0  0.0  0.0  0.1  2.0  2.0  2.0  2.0  2.4  2.4  2.4  2.0  2.0  2.0  2.0  0.1  0.0  0.0  0.0  0.0  
0.0  0.0  0.0  0.0  0.1  2.0  8.0  2.0  2.0  2.4  2.4  2.4  2.0  2.0  3.0  2.0  0.1  0.0  0.0  0.0  0.0  
0.0  0.0  0.0  0.0  0.1  2.0  2.0  2.0  2.0  2.4  2.4  2.4  2.0  2.0  2.0  2.0  0.1  0.0  0.0  0.0  0.0  
0.0  0.0  0.0  0.0  0.1  2.0  2.0  2.0  2.0  2.4  2.4  2.4  2.0  2.0  2.0  2.0  0.1  0.0  0.0  0.0  0.0  
0.0  0.0  0.0  0.0  0.1  0.1  0.1  0.1  0.1  2.4  5.4  2.4  0.1  0.1  0.1  0.1  0.1  0.0  0.0  0.0  0.0  
0.0  0.0  0.0  0.0  0.0  0.0  0.0  0.0  0.1  0.1  0.1  0.1  0.1  0.0  0.0  0.0  0.0  0.0  0.0  0.0  0.0  
