15 17
50 60 65
0 0 0
0 0 0
0
3
0.1  0.1  0.1  0.1  0.1  0.1  0.1  0.1  0.1  0.1  0.1  0.1  0.1  0.1  0.1  
0.1  2.0  2.0  2.0  2.0  2.0  0.1  0.1  0.1  2.0  2.0  2.0  2.0  2.0  0.1  
0.1  2.0  2.0  2.0  2.0  2.0  2.0  2.4  2.0  2.0  2.0  2.0  2.0  2.0  0.1  
0.1  2.0  2.0  2.0  2.0  2.0  2.0  2.4  2.0  2.0  2.0  2.0  2.0  2.0  0.1  
0.1  2.0  3.0  2.0  2.0  2.0  2.0  2.4  2.0  2.0  2.0  2.0  3.0  2.0  0.1  
0.1  2.0  2.0  2.0  2.0  3.0  2.0  2.4  2.0  3.0  2.0  2.0  2.0  2.0  0.1  
0.1  2.0  3.0  2.0  2.0  2.0  2.0  2.4  2.0  2.0  2.0  2.0  3.0  2.0  0.1  
0.1  2.0  2.0  2.0  2.0  3.0  2.0  2.4  2.0  3.0  2.0  2.0  2.0  2.0  0.1  
0.1  2.0  3.0  2.0  2.0  2.0  2.0  2.4  2.0  2.0  2.0  2.0  3.0  2.0  0.1  
0.1  2.0  2.0  2.0  2.0  3.0  2.0  2.4  2.0  3.0  2.0  2.0  2.0  2.0  0.1  
0.1  2.0  3.0  2.0  2.0  2.0  2.0  2.4  2.0  2.0  2.0  2.0  3.0  2.0  0.1  
0.1  2.0  2.0  2.0  2.0  3.0  2.0  2.4  2.0  3.0  2.0  2.0  2.0  2.0  0.1  
0.1  2.0  3.0  2.0  2.0  2.0  2.0  2.4  2.0  2.0  2.0  2.0  3.0  2.0  0.1  
0.1  2.0  2.0  2.0  2.0  3.0  2.0  2.4  2.0  3.0  2.0  2.0  2.0  2.0  0.1  
0.1  2.0  2.0  2.0  2.0  2.0  2.0  2.4  2.0  2.0  2.0  2.0  2.0  2.0  0.1  
0.1  2.0  2.0  2.0  2.0  2.0  2.0  5.4  2.0  2.0  2.0  2.0  2.0  2.0  0.1  
0.1  0.1  0.1  0.1  0.1  0.1  0.1  0.1  0.1  0.1  0.1  0.1  0.1  0.1  0.1  
