24 14
100 216
55 60 67
0 0 0
100 100 100
1
2
0.2  0.2  0.2  0.2  0.2  0.2  0.2  0.2  0.2  0.2  0.2  0.2  0.2  0.2  0.2  0.2  0.2  0.2  0.2  0.2  0.2  0.2  0.2  0.2  
0.2  2.0  2.0  2.0  2.0  2.2  2.0  2.0  2.0  2.0  2.0  2.0  2.0  2.0  2.0  2.0  2.2  2.0  2.0  2.0  2.0  2.0  2.0  0.2  
0.2  2.0  2.0  2.0  2.0  2.0  2.0  2.0  2.0  2.0  2.0  2.2  2.0  2.0  2.0  2.0  2.0  2.0  2.0  2.0  2.0  2.0  2.0  0.2  
0.2  2.0  2.0  2.4  2.4  2.4  2.4  2.4  2.4  2.0  2.0  2.4  2.4  2.4  2.4  2.4  2.4  2.0  2.0  2.0  2.0  2.0  2.2  0.2  
0.2  2.0  2.0  2.4  2.4  2.4  2.4  2.4  2.4  2.0  2.0  2.4  2.4  2.4  2.4  2.4  2.4  2.0  2.0  2.0  2.2  2.0  2.0  0.2  
0.2  2.0  2.2  2.4  2.4  9.0  9.0  2.4  2.4  2.0  2.0  2.4  2.4  9.0  9.0  2.4  2.4  2.2  2.0  2.0  2.0  2.0  2.0  0.2  
0.1  5.4  2.4  2.4  2.4  2.0  2.0  2.4  2.4  2.2  2.0  2.4  2.4  2.0  2.0  2.4  2.4  2.0  2.0  2.4  2.4  2.4  7.4  0.1  
0.1  7.4  2.4  2.4  2.4  2.0  2.0  2.4  2.4  2.0  2.2  2.4  2.4  2.0  2.0  2.4  2.4  2.0  2.0  2.4  2.4  2.4  2.4  0.1  
0.2  2.0  2.0  2.0  2.0  2.0  2.2  2.4  2.4  9.0  9.0  2.4  2.4  2.0  2.2  2.4  2.4  9.0  9.0  2.4  2.4  2.0  2.0  0.2  
0.2  2.0  2.0  2.0  2.0  2.0  2.0  2.4  2.4  2.4  2.4  2.4  2.4  2.0  2.0  2.4  2.4  2.4  2.4  2.4  2.4  2.0  2.0  0.2  
0.2  2.0  2.2  2.0  2.0  2.2  2.0  2.4  2.4  2.4  2.4  2.4  2.4  2.0  2.0  2.4  2.4  2.4  2.4  2.4  2.4  2.0  2.0  0.2  
0.2  2.0  2.0  2.0  2.0  2.0  2.0  2.0  2.0  2.0  2.2  2.0  2.0  2.0  2.0  2.0  2.0  2.0  2.2  2.0  2.0  2.0  2.0  0.2  
0.2  2.2  2.0  2.0  2.0  2.0  2.0  2.0  2.0  2.0  2.0  2.0  2.0  2.0  2.0  2.0  2.2  2.0  2.0  2.0  2.0  2.0  2.0  0.2  
0.2  0.2  0.2  0.2  0.2  0.2  0.2  0.2  0.2  0.2  0.2  0.2  0.2  0.2  0.2  0.2  0.2  0.2  0.2  0.2  0.2  0.2  0.2  0.2  
