24 14
50 60 66
0 0 0
100 100 100
2
3
0.2  0.2  0.2  0.2  0.2  0.2  0.2  0.2  0.2  0.2  0.2  0.1  0.1  0.2  0.2  0.2  0.2  0.2  0.2  0.2  0.2  0.2  0.2  0.2  
0.2  2.2  2.0  2.0  2.2  2.0  2.0  2.0  2.0  2.0  2.0  7.4  7.4  2.0  2.0  2.0  2.2  2.0  2.0  2.0  2.0  2.0  2.0  0.2  
0.2  2.0  2.4  2.4  2.4  2.2  2.4  2.4  2.4  2.0  2.4  2.4  2.4  2.4  2.4  2.0  9.0  2.2  2.4  2.4  2.4  2.4  2.0  0.2  
0.2  2.0  2.4  2.0  7.4  2.4  2.4  2.2  2.4  2.0  2.4  2.0  2.0  2.0  2.4  2.0  2.0  2.0  2.4  2.2  2.0  2.4  2.0  0.2  
0.2  2.0  2.4  2.0  2.2  2.0  2.0  2.0  2.4  2.0  2.4  2.0  9.0  2.2  2.4  2.0  2.4  2.4  2.4  2.0  2.4  2.4  2.0  0.2  
0.2  2.0  2.4  2.4  2.4  2.4  2.0  2.0  2.4  2.4  2.4  2.0  9.0  2.0  2.4  2.4  2.4  2.0  2.0  2.0  2.4  2.0  2.0  0.2  
0.2  2.0  2.0  2.0  2.0  2.4  2.0  2.0  2.0  2.0  2.0  2.0  2.2  2.0  2.0  2.0  2.0  2.2  2.4  2.4  2.4  9.0  2.0  0.2  
0.2  2.2  9.0  2.4  2.4  2.4  2.0  2.4  2.4  2.4  2.4  2.4  2.0  2.4  2.4  2.4  2.4  2.2  2.4  2.0  2.0  2.0  2.2  0.2  
0.2  2.2  2.0  2.4  2.0  2.0  2.0  2.4  2.0  2.0  2.0  2.4  2.0  2.4  2.2  2.0  2.4  2.0  2.4  2.4  2.4  2.4  2.0  0.2  
0.2  2.0  2.4  2.4  2.0  9.0  2.2  2.4  2.4  2.4  2.0  2.4  2.0  2.4  2.4  2.2  2.4  2.0  9.0  2.0  2.2  2.4  2.0  0.2  
0.2  2.0  2.4  2.0  2.0  2.0  2.0  2.0  2.0  2.4  2.0  2.4  2.2  2.0  2.4  2.0  2.4  2.0  2.2  2.0  2.4  2.4  2.0  0.2  
0.2  2.0  2.4  2.4  2.4  2.4  2.4  2.4  2.4  2.4  2.0  2.4  2.4  2.4  2.4  2.0  2.4  2.4  2.4  2.4  2.4  2.0  2.0  0.2  
0.2  2.0  2.2  2.0  2.0  2.0  2.2  2.0  2.0  2.2  2.0  2.4  5.4  2.0  2.0  2.2  2.0  2.0  2.0  2.0  2.0  2.0  2.0  0.2  
0.2  0.2  0.2  0.2  0.2  0.2  0.2  0.2  0.2  0.2  0.2  0.1  0.1  0.2  0.2  0.2  0.2  0.2  0.2  0.2  0.2  0.2  0.2  0.2  
