24 14
40 40 42
0 0 0
80 90 100
2
3
0.2  0.2  0.2  0.2  0.2  0.2  0.2  0.2  0.2  0.2  0.2  0.2  0.2  0.2  0.2  0.2  0.2  0.2  0.2  0.2  0.2  0.2  0.2  0.2  
0.2  2.0  2.0  2.0  2.0  2.0  2.0  2.0  2.0  2.0  2.0  2.0  2.2  2.0  2.0  2.0  2.0  2.0  2.0  2.0  2.0  2.0  2.2  0.2  
0.2  2.0  9.0  9.0  9.0  9.0  9.0  9.0  9.0  9.0  2.0  0.1  0.1  2.0  9.0  9.0  9.0  9.0  9.0  9.0  9.0  9.0  2.0  0.2  
0.2  2.0  7.0  2.0  2.0  2.0  2.2  2.0  2.0  2.0  2.0  0.1  0.1  2.0  2.2  2.0  2.0  2.0  2.0  2.0  2.0  7.0  2.0  0.2  
0.2  2.0  9.0  9.0  9.0  9.0  9.0  9.0  9.0  9.0  2.0  2.0  2.0  2.0  9.0  9.0  9.0  9.0  9.0  9.0  9.0  9.0  2.0  0.2  
0.2  2.0  2.0  2.0  2.0  2.0  2.0  2.0  2.0  2.0  2.0  2.0  2.2  2.0  2.0  2.0  2.0  2.0  2.0  2.2  2.0  7.0  2.0  0.2  
0.1  2.4  2.4  2.4  2.4  2.4  2.4  2.4  2.4  2.4  2.4  2.4  2.4  2.0  9.0  9.0  9.0  9.0  9.0  9.0  9.0  9.0  2.0  0.2  
0.1  2.4  2.4  2.4  2.4  2.4  2.4  2.4  2.4  2.4  2.4  2.4  2.4  2.0  2.0  2.0  2.0  2.0  2.0  2.0  2.0  7.0  2.0  0.2  
0.2  2.0  2.0  2.0  2.0  2.0  2.0  2.0  2.0  2.0  2.0  2.4  2.4  2.0  9.0  9.0  9.0  9.0  9.0  9.0  9.0  9.0  2.0  0.2  
0.2  2.0  9.0  9.0  9.0  9.0  9.0  9.0  9.0  9.0  2.0  2.4  2.4  2.0  2.0  2.0  2.0  2.2  2.0  2.0  2.0  7.0  2.0  0.2  
0.2  2.0  7.2  2.0  2.0  2.0  2.0  2.0  2.0  2.0  2.0  2.4  2.4  2.0  9.0  9.0  9.0  9.0  9.0  9.0  9.0  9.0  2.0  0.2  
0.2  2.0  9.0  9.0  9.0  9.0  9.0  9.0  9.0  9.0  2.0  2.4  2.4  2.0  2.0  2.0  2.0  2.0  2.0  2.0  2.0  7.0  2.0  0.2  
0.2  2.0  7.0  2.0  2.0  2.2  2.0  2.2  2.0  2.0  2.0  5.4  2.4  2.0  9.0  9.0  9.0  9.0  9.0  9.0  9.0  9.0  2.2  0.2  
0.2  0.2  0.2  0.2  0.2  0.2  0.2  0.2  0.2  0.2  0.2  0.1  0.1  0.2  0.2  0.2  0.2  0.2  0.2  0.2  0.2  0.2  0.2  0.2  
