19 17
256 248
60 70 75
0 0 0
0 0 0
0
3
0.3  0.3  0.3  0.3  0.3  0.3  0.3  0.3  0.3  0.3  0.3  0.3  0.3  0.3  0.3  0.3  0.3  0.3  0.1  
0.3  2.0  2.0  2.0  2.0  2.0  2.0  2.0  2.0  2.0  2.0  2.0  2.0  2.0  2.0  2.0  2.0  2.0  0.1  
0.3  2.0  2.0  2.0  2.0  2.0  2.0  2.0  2.0  2.0  2.0  2.0  2.0  2.0  2.0  2.0  2.0  2.0  0.1  
0.3  0.1  0.1  2.0  2.0  2.0  2.0  2.0  2.0  2.0  2.0  10.0 0.6  0.6  2.0  2.0  2.0  2.0  0.1  
0.0  0.0  0.1  2.0  2.0  2.0  2.0  2.0  2.0  2.0  2.0  0.6  0.6  0.6  2.0  2.0  2.0  2.0  0.1  
0.0  0.0  0.1  0.1  0.1  2.0  2.0  2.0  2.0  2.0  2.0  0.6  0.6  0.6  2.0  2.0  2.0  2.0  0.1  
0.0  0.0  0.0  0.0  0.1  2.0  2.0  2.0  2.0  2.0  2.0  2.0  2.0  2.0  2.0  2.0  2.0  2.0  0.1  
0.0  0.0  0.0  0.0  0.1  0.1  0.1  2.0  2.0  2.0  2.0  2.0  2.0  2.0  2.0  2.0  2.0  2.0  0.1  
0.0  0.0  0.0  0.0  0.0  0.0  0.1  2.0  2.0  2.0  2.0  2.0  2.0  2.0  2.0  2.0  2.0  2.0  0.1  
0.0  0.0  0.0  0.0  0.0  0.0  0.1  0.1  0.1  2.0  2.0  2.0  2.0  2.0  2.0  2.0  2.0  2.0  0.1  
0.0  0.0  0.0  0.0  0.0  0.0  0.0  0.0  0.1  2.0  2.0  2.0  2.0  2.0  2.0  2.0  2.0  2.0  0.1  
0.0  0.0  0.0  0.0  0.0  0.0  0.0  0.0  0.1  0.1  0.1  2.0  2.0  2.0  2.0  2.0  2.0  2.0  0.1  
0.0  0.0  0.0  0.0  0.0  0.0  0.0  0.0  0.0  0.0  0.1  2.0  2.0  2.0  2.0  2.0  2.0  2.0  0.1  
0.0  0.0  0.0  0.0  0.0  0.0  0.0  0.0  0.0  0.0  0.1  0.1  0.1  2.0  2.0  2.0  2.0  2.0  0.1  
0.0  0.0  0.0  0.0  0.0  0.0  0.0  0.0  0.0  0.0  0.0  0.0  0.1  2.0  2.0  2.0  2.0  2.0  0.3  
0.0  0.0  0.0  0.0  0.0  0.0  0.0  0.0  0.0  0.0  0.0  0.0  0.3  0.3  0.3  5.4  0.3  0.3  0.3  
0.0  0.0  0.0  0.0  0.0  0.0  0.0  0.0  0.0  0.0  0.0  0.0  0.0  0.0  0.1  0.1  0.1  0.0  0.0  
