24 14
100 216
40 45 53
0 0 0
100 100 100
0
4
0.2  0.2  0.2  0.2  0.2  0.2  0.2  0.2  0.2  0.2  0.2  0.1  0.1  0.2  0.2  0.2  0.2  0.2  0.2  0.2  0.2  0.2  0.2  0.2  
0.2  2.0  2.0  2.0  2.0  2.0  2.0  2.0  2.0  2.0  9.0  2.4  5.4  9.0  2.0  2.0  2.0  2.0  2.0  2.0  2.0  2.2  2.0  0.2  
0.2  2.0  7.0  2.0  2.0  2.0  2.2  2.0  2.0  2.0  9.0  2.4  2.4  9.0  2.0  7.2  2.0  2.0  2.0  2.0  2.0  2.0  2.0  0.2  
0.2  2.0  2.0  2.0  2.0  2.0  2.0  2.0  2.0  2.0  9.0  2.4  2.4  9.0  2.0  2.0  2.0  2.0  2.2  2.2  2.0  2.0  2.0  0.2  
0.2  2.2  2.0  2.0  2.0  2.0  2.0  2.0  9.0  9.0  9.0  2.4  2.4  9.0  9.0  9.0  2.0  2.0  2.0  2.0  2.0  2.0  2.0  0.2  
0.2  2.0  2.0  2.0  2.0  2.0  2.0  2.0  9.0  2.4  2.4  2.4  7.4  2.4  2.4  9.0  2.0  2.0  2.0  2.0  2.0  2.0  2.0  0.2  
0.2  2.0  10.0 0.6  0.6  7.0  2.0  2.0  9.0  2.4  9.0  9.0  9.0  9.0  2.4  9.0  2.0  2.0  2.0  10.0 0.6  0.6  2.0  0.2  
0.2  2.0  0.6  0.6  0.6  2.4  2.4  2.4  2.4  2.4  9.0  9.0  9.0  9.0  2.4  2.4  2.4  2.4  2.4  0.6  0.6  0.6  2.2  0.2  
0.2  2.2  0.6  0.6  0.6  2.0  2.0  2.0  9.0  2.4  9.0  9.0  9.0  9.0  2.4  9.0  2.0  2.0  2.0  0.6  0.6  0.6  2.0  0.2  
0.2  2.0  2.0  2.0  2.0  2.0  2.0  2.0  9.0  2.4  2.4  7.4  2.4  2.4  2.4  9.0  2.0  2.0  2.0  2.0  2.0  2.0  2.0  0.2  
0.2  2.0  2.0  2.0  2.0  2.0  2.0  2.0  9.0  9.0  9.0  2.4  2.4  9.0  9.0  9.0  2.0  2.0  2.0  2.0  2.0  2.0  2.0  0.2  
0.2  2.0  2.0  2.2  2.2  2.0  2.0  2.0  7.0  2.0  9.0  2.4  2.4  9.0  2.0  2.0  2.2  2.0  2.0  2.0  2.0  7.0  2.0  0.2  
0.2  2.0  2.0  2.0  2.0  2.0  2.0  2.0  2.0  2.2  9.0  2.4  2.4  9.0  2.0  2.0  2.0  2.0  2.0  2.2  2.0  2.0  2.0  0.2  
0.2  0.2  0.2  0.2  0.2  0.2  0.2  0.2  0.2  0.2  0.2  0.1  0.1  0.2  0.2  0.2  0.2  0.2  0.2  0.2  0.2  0.2  0.2  0.2  
